Net sampling time (us): 8256
Per Sample (us): 4.03
Timebase: 0.1 mS/div
Actual Timebase (us): 100.78
CH1 Coupling: DC, Range: 5V/div
CH2 Coupling: --, Range: +-2048
Triggered: YES
CH1 Stats (V):
	Vmax: 6.51, Vmin: 2.80, Vavr: 4.58, Vpp: 3.71, Vrms: 4.89
	Freq: 1000.75, Cycle: 1.00 ms, PW: 0.49 ms, Duty: 49.52 %

Time	CH1	CH2	D_CH1	D_CH2
0.00	2.85	46	1	0
4.03	2.90	73	1	0
8.06	2.85	46	1	0
12.09	2.85	71	1	0
16.12	2.90	45	1	0
20.16	2.90	184	1	0
24.19	2.95	44	1	0
28.22	2.95	189	1	0
32.25	2.90	40	1	0
36.28	2.90	185	1	0
40.31	2.90	37	1	0
44.34	2.90	182	1	0
48.38	2.85	45	1	0
52.41	2.90	188	1	0
56.44	2.85	149	1	0
60.47	2.90	184	1	0
64.50	2.95	146	1	0
68.53	3.00	187	1	0
72.56	2.95	141	1	0
76.59	2.90	184	1	0
80.62	6.05	141	1	0
84.66	6.25	58	1	0
88.69	6.31	147	1	0
92.72	6.25	60	1	0
96.75	6.31	140	1	0
100.78	6.25	59	1	0
104.81	6.20	145	1	0
108.84	6.31	63	1	0
112.87	6.36	167	1	0
116.91	6.36	69	1	0
120.94	6.25	46	1	0
124.97	6.25	140	1	0
129.00	6.25	181	1	0
133.03	6.31	146	1	0
137.06	6.25	63	1	0
141.09	6.25	168	1	0
145.12	6.31	69	1	0
149.16	6.25	172	1	0
153.19	6.31	71	1	0
157.22	6.25	174	1	0
161.25	6.15	140	1	0
165.28	6.31	59	1	0
169.31	6.31	147	1	0
173.34	6.31	60	1	0
177.37	6.25	147	1	0
181.41	6.31	61	1	0
185.44	6.25	141	1	0
189.47	6.25	60	1	0
193.50	6.25	147	1	0
197.53	6.25	60	1	0
201.56	6.25	-4	1	0
205.59	6.20	62	1	0
209.62	6.25	-1	1	0
213.66	6.36	57	1	0
217.69	6.41	-3	1	0
221.72	6.25	62	1	0
225.75	6.31	-1	1	0
229.78	6.25	57	1	0
233.81	6.25	-4	1	0
237.84	6.31	175	1	0
241.87	6.31	-4	1	0
245.91	6.25	171	1	0
249.94	6.25	-3	1	0
253.97	6.25	172	1	0
258.00	6.20	-3	1	0
262.03	6.25	173	1	0
266.06	6.36	72	1	0
270.09	6.31	172	1	0
274.12	6.25	71	1	0
278.16	6.31	173	1	0
282.19	6.25	74	1	0
286.22	6.31	171	1	0
290.25	6.31	72	1	0
294.28	6.25	173	1	0
298.31	6.31	73	1	0
302.34	6.25	46	1	0
306.37	6.25	76	1	0
310.41	6.20	40	1	0
314.44	6.31	71	1	0
318.47	6.31	43	1	0
322.50	6.31	71	1	0
326.53	6.25	45	1	0
330.56	6.31	73	1	0
334.59	6.31	40	1	0
338.62	6.31	186	1	0
342.66	6.25	37	1	0
346.69	6.25	182	1	0
350.72	6.31	45	1	0
354.75	6.25	187	1	0
358.78	6.25	40	1	0
362.81	6.25	184	1	0
366.84	6.36	44	1	0
370.87	6.25	185	1	0
374.91	6.31	148	1	0
378.94	6.25	188	1	0
382.97	6.31	141	1	0
387.00	6.31	185	1	0
391.03	6.25	144	1	0
395.06	6.20	184	1	0
399.09	6.25	147	1	0
403.12	6.25	62	1	0
407.16	6.20	142	1	0
411.19	6.25	59	1	0
415.22	6.25	146	1	0
419.25	6.31	61	1	0
423.28	6.25	147	1	0
427.31	6.25	62	1	0
431.34	6.31	143	1	0
435.37	6.31	58	1	0
439.41	6.25	-4	1	0
443.44	6.31	61	1	0
447.47	6.25	-2	1	0
451.50	6.25	62	1	0
455.53	6.25	-1	1	0
459.56	6.20	57	1	0
463.59	6.25	-5	1	0
467.62	6.36	60	1	0
471.66	6.31	-2	1	0
475.69	6.31	176	1	0
479.72	6.25	39	1	0
483.75	6.25	182	1	0
487.78	6.20	45	1	0
491.81	6.25	187	1	0
495.84	6.25	47	1	0
499.87	6.25	188	1	0
503.91	6.25	141	1	0
507.94	6.25	185	1	0
511.97	6.20	147	1	0
516.00	6.31	186	1	0
520.03	6.31	147	1	0
524.06	6.25	189	1	0
528.09	6.25	142	1	0
532.12	6.31	185	1	0
536.16	6.25	146	1	0
540.19	6.31	61	1	0
544.22	6.25	147	1	0
548.25	6.25	63	1	0
552.28	6.25	171	1	0
556.31	6.20	72	1	0
560.34	6.25	171	1	0
564.37	6.25	71	1	0
568.41	6.36	170	1	0
572.44	6.25	72	1	0
576.47	3.10	45	1	0
580.50	2.95	72	1	0
584.53	2.90	44	1	0
588.56	2.85	72	1	0
592.59	2.90	38	1	0
596.62	2.90	71	1	0
600.66	2.95	46	1	0
604.69	2.90	186	1	0
608.72	2.85	44	1	0
612.75	2.90	186	1	0
616.78	2.95	44	1	0
620.81	2.95	187	1	0
624.84	2.95	46	1	0
628.87	2.90	186	1	0
632.91	2.85	44	1	0
636.94	2.90	186	1	0
640.97	2.90	148	1	0
645.00	2.90	187	1	0
649.03	2.90	149	1	0
653.06	2.90	187	1	0
657.09	2.90	148	1	0
661.12	2.85	187	1	0
665.16	2.90	149	1	0
669.19	3.00	189	1	0
673.22	2.95	142	1	0
677.25	2.95	60	1	0
681.28	2.85	147	1	0
685.31	2.85	59	1	0
689.34	2.90	145	1	0
693.37	2.85	61	1	0
697.41	2.90	146	1	0
701.44	2.90	61	1	0
705.47	2.85	145	1	0
709.50	2.85	58	1	0
713.53	2.80	-4	1	0
717.56	3.00	61	1	0
721.59	2.95	-4	1	0
725.62	2.95	60	1	0
729.66	2.90	-3	1	0
733.69	2.85	60	1	0
737.72	2.90	-2	1	0
741.75	2.90	175	1	0
745.78	2.90	-3	1	0
749.81	2.90	169	1	0
753.84	2.90	-4	1	0
757.87	2.90	172	1	0
761.91	2.85	-2	1	0
765.94	2.95	175	1	0
769.97	3.05	-2	1	0
774.00	2.95	174	1	0
778.03	2.85	72	1	0
782.06	2.90	173	1	0
786.09	2.90	73	1	0
790.12	2.85	174	1	0
794.16	2.90	75	1	0
798.19	2.90	167	1	0
802.22	2.90	68	1	0
806.25	2.90	170	1	0
810.28	2.85	72	1	0
814.31	2.90	46	1	0
818.34	3.00	73	1	0
822.37	2.95	46	1	0
826.41	2.95	72	1	0
830.44	2.90	44	1	0
834.47	2.95	71	1	0
838.50	2.90	46	1	0
842.53	2.95	186	1	0
846.56	2.90	45	1	0
850.59	2.85	186	1	0
854.62	2.85	44	1	0
858.66	2.85	188	1	0
862.69	2.90	39	1	0
866.72	2.90	184	1	0
870.75	2.95	45	1	0
874.78	2.90	187	1	0
878.81	2.90	147	1	0
882.84	2.95	185	1	0
886.87	2.90	148	1	0
890.91	2.90	186	1	0
894.94	2.90	146	1	0
898.97	2.90	185	1	0
903.00	2.90	146	1	0
907.03	2.95	185	1	0
911.06	2.90	149	1	0
915.09	2.85	62	1	0
919.12	3.00	141	1	0
923.16	2.90	56	1	0
927.19	2.90	144	1	0
931.22	2.90	59	1	0
935.25	2.90	148	1	0
939.28	2.90	62	1	0
943.31	2.90	-2	1	0
947.34	2.90	61	1	0
951.37	2.90	-2	1	0
955.41	2.90	61	1	0
959.44	2.95	149	1	0
963.47	2.90	62	1	0
967.50	2.95	147	1	0
971.53	2.95	61	1	0
975.56	2.95	147	1	0
979.59	2.95	62	1	0
983.62	2.90	-2	1	0
987.66	2.85	61	1	0
991.69	2.90	-3	1	0
995.72	2.95	59	1	0
999.75	2.90	-2	1	0
1003.78	2.90	61	1	0
1007.81	2.90	-3	1	0
1011.84	2.85	172	1	0
1015.87	2.85	-4	1	0
1019.91	3.00	172	1	0
1023.94	2.90	-3	1	0
1027.97	2.95	174	1	0
1032.00	2.95	38	1	0
1036.03	2.90	182	1	0
1040.06	2.90	44	1	0
1044.09	2.90	187	1	0
1048.13	2.85	141	1	0
1052.16	2.90	186	1	0
1056.19	2.90	147	1	0
1060.22	2.90	187	1	0
1064.25	2.90	146	1	0
1068.28	2.90	186	1	0
1072.31	2.95	147	1	0
1076.34	2.95	185	1	0
1080.38	5.75	143	1	0
1084.41	6.20	58	1	0
1088.44	6.31	146	1	0
1092.47	6.25	61	1	0
1096.50	6.25	148	1	0
1100.53	6.25	62	1	0
1104.56	6.15	142	1	0
1108.59	6.31	62	1	0
1112.63	6.36	140	1	0
1116.66	6.51	57	1	0
1120.69	6.25	-3	1	0
1124.72	6.25	141	1	0
1128.75	6.25	60	1	0
1132.78	6.31	150	1	0
1136.81	6.25	62	1	0
1140.84	6.31	146	1	0
1144.88	6.25	61	1	0
1148.91	6.25	150	1	0
1152.94	6.25	61	1	0
1156.97	6.31	148	1	0
1161.00	6.25	61	1	0
1165.03	6.31	-3	1	0
1169.06	6.31	61	1	0
1173.09	6.25	-2	1	0
1177.13	6.31	64	1	0
1181.16	6.31	40	1	0
1185.19	6.25	72	1	0
1189.22	6.31	44	1	0
1193.25	6.25	72	1	0
1197.28	6.25	46	1	0
1201.31	6.25	188	1	0
1205.34	6.25	40	1	0
1209.38	6.20	183	1	0
1213.41	6.25	45	1	0
1217.44	6.36	187	1	0
1221.47	6.31	39	1	0
1225.50	6.31	187	1	0
1229.53	6.20	149	1	0
1233.56	6.25	188	1	0
1237.59	6.25	140	1	0
1241.63	6.25	183	1	0
1245.66	6.31	148	1	0
1249.69	6.31	188	1	0
1253.72	6.25	141	1	0
1257.75	6.25	186	1	0
1261.78	6.25	147	1	0
1265.81	6.25	61	1	0
1269.84	6.31	149	1	0
1273.88	6.31	62	1	0
1277.91	6.25	150	1	0
1281.94	6.31	62	1	0
1285.97	6.31	139	1	0
1290.00	6.25	57	1	0
1294.03	6.31	146	1	0
1298.06	6.25	64	1	0
1302.09	6.20	40	1	0
1306.13	6.20	72	1	0
1310.16	6.20	44	1	0
1314.19	6.25	71	1	0
1318.22	6.36	45	1	0
1322.25	6.31	73	1	0
1326.28	6.25	46	1	0
1330.31	6.31	186	1	0
1334.34	6.31	45	1	0
1338.38	6.31	186	1	0
1342.41	6.25	46	1	0
1346.44	6.31	188	1	0
1350.47	6.25	41	1	0
1354.50	6.25	182	1	0
1358.53	6.25	44	1	0
1362.56	6.20	186	1	0
1366.59	6.31	149	1	0
1370.63	6.31	-11	1	0
1374.66	6.25	167	1	0
1378.69	6.25	-3	1	0
1382.72	6.20	172	1	0
1386.75	6.25	-3	1	0
1390.78	6.25	173	1	0
1394.81	6.31	-3	1	0
1398.84	6.25	173	1	0
1402.88	6.25	73	1	0
1406.91	6.20	169	1	0
1410.94	6.25	70	1	0
1414.97	6.25	174	1	0
1419.00	6.36	141	1	0
1423.03	6.25	185	1	0
1427.06	6.25	147	1	0
1431.09	6.31	183	1	0
1435.13	6.25	147	1	0
1439.16	6.31	61	1	0
1443.19	6.25	143	1	0
1447.22	6.25	59	1	0
1451.25	6.25	139	1	0
1455.28	6.25	55	1	0
1459.31	6.25	144	1	0
1463.34	6.20	59	1	0
1467.38	6.31	-3	1	0
1471.41	6.31	62	1	0
1475.44	6.31	-3	1	0
1479.47	6.25	61	1	0
1483.50	6.25	-1	1	0
1487.53	6.31	58	1	0
1491.56	6.25	-4	1	0
1495.59	6.25	64	1	0
1499.63	6.25	40	1	0
1503.66	6.25	183	1	0
1507.69	6.20	43	1	0
1511.72	6.31	187	1	0
1515.75	6.25	40	1	0
1519.78	6.41	185	1	0
1523.81	6.25	46	1	0
1527.84	6.20	187	1	0
1531.88	6.25	45	1	0
1535.91	6.31	186	1	0
1539.94	6.31	149	1	0
1543.97	6.25	187	1	0
1548.00	6.25	138	1	0
1552.03	6.31	181	1	0
1556.06	6.25	145	1	0
1560.09	6.25	189	1	0
1564.13	6.25	143	1	0
1568.16	6.31	57	1	0
1572.19	6.25	146	1	0
1576.22	3.46	58	1	0
1580.25	2.90	145	1	0
1584.28	2.90	60	1	0
1588.31	2.90	148	1	0
1592.34	2.90	61	1	0
1596.38	2.90	139	1	0
1600.41	2.95	55	1	0
1604.44	2.90	-5	1	0
1608.47	2.90	61	1	0
1612.50	2.85	-2	1	0
1616.53	2.90	62	1	0
1620.56	3.00	-2	1	0
1624.59	2.95	60	1	0
1628.63	2.90	-3	1	0
1632.66	2.95	61	1	0
1636.69	2.90	-2	1	0
1640.72	2.90	173	1	0
1644.75	2.90	-3	1	0
1648.78	2.90	171	1	0
1652.81	2.90	-4	1	0
1656.84	2.90	173	1	0
1660.88	2.85	-2	1	0
1664.91	2.85	173	1	0
1668.94	2.95	72	1	0
1672.97	2.95	169	1	0
1677.00	2.95	69	1	0
1681.03	2.95	174	1	0
1685.06	2.85	74	1	0
1689.09	2.85	174	1	0
1693.13	2.85	74	1	0
1697.16	2.90	171	1	0
1701.19	2.85	70	1	0
1705.22	2.85	45	1	0
1709.25	2.80	71	1	0
1713.28	2.85	45	1	0
1717.31	2.90	73	1	0
1721.34	3.00	44	1	0
1725.38	2.90	71	1	0
1729.41	2.90	44	1	0
1733.44	2.90	74	1	0
1737.47	2.85	39	1	0
1741.50	2.90	185	1	0
1745.53	2.85	43	1	0
1749.56	2.90	186	1	0
1753.59	2.95	45	1	0
1757.63	2.85	187	1	0
1761.66	2.90	46	1	0
1765.69	2.90	186	1	0
1769.72	2.95	44	1	0
1773.75	2.90	184	1	0
1777.78	2.90	147	1	0
1781.81	2.90	187	1	0
1785.84	2.90	142	1	0
1789.88	2.85	185	1	0
1793.91	2.90	145	1	0
1797.94	2.90	186	1	0
1801.97	2.90	148	1	0
1806.00	2.90	62	1	0
1810.03	2.85	141	1	0
1814.06	2.90	58	1	0
1818.09	2.90	146	1	0
1822.13	2.90	61	1	0
1826.16	2.90	148	1	0
1830.19	2.90	61	1	0
1834.22	2.85	149	1	0
1838.25	2.90	62	1	0
1842.28	2.90	-3	1	0
1846.31	2.85	60	1	0
1850.34	2.90	-3	1	0
1854.38	2.90	63	1	0
1858.41	2.90	34	1	0
1862.44	2.95	68	1	0
1866.47	2.85	41	1	0
1870.50	3.00	68	1	0
1874.53	2.90	42	1	0
1878.56	2.90	186	1	0
1882.59	2.90	39	1	0
1886.63	2.90	182	1	0
1890.66	2.90	42	1	0
1894.69	2.90	184	1	0
1898.72	2.90	44	1	0
1902.75	2.90	187	1	0
1906.78	2.90	149	1	0
1910.81	2.90	184	1	0
1914.84	2.85	146	1	0
1918.88	2.95	187	1	0
1922.91	2.95	140	1	0
1926.94	2.90	184	1	0
1930.97	2.90	147	1	0
1935.00	2.90	186	1	0
1939.03	2.90	145	1	0
1943.06	2.90	60	1	0
1947.09	2.90	146	1	0
1951.13	2.90	62	1	0
1955.16	2.90	142	1	0
1959.19	2.85	186	1	0
1963.22	2.90	148	1	0
1967.25	2.90	188	1	0
1971.28	3.00	147	1	0
1975.31	2.95	185	1	0
1979.34	2.90	146	1	0
1983.38	2.95	62	1	0
1987.41	2.90	149	1	0
1991.44	2.95	61	1	0
1995.47	2.95	145	1	0
1999.50	2.85	59	1	0
2003.53	2.90	145	1	0
2007.56	2.85	61	1	0
2011.59	2.85	141	1	0
2015.63	2.85	60	1	0
2019.66	2.95	-2	1	0
2023.69	2.90	59	1	0
2027.72	2.90	-5	1	0
2031.75	2.95	62	1	0
2035.78	2.90	-1	1	0
2039.81	2.90	59	1	0
2043.84	2.85	-3	1	0
2047.88	2.85	60	1	0
2051.91	2.90	-5	1	0
2055.94	2.90	173	1	0
2059.97	2.85	-2	1	0
2064.00	2.95	173	1	0
2068.03	2.90	-2	1	0
2072.06	2.95	171	1	0
2076.09	2.85	-3	1	0
2080.13	4.22	177	1	0
2084.16	6.15	144	1	0
2088.19	6.25	186	1	0
2092.22	6.25	146	1	0
2096.25	6.25	187	1	0
2100.28	6.25	147	1	0
2104.31	6.25	187	1	0
2108.34	6.36	144	1	0
2112.38	6.31	188	1	0
2116.41	6.46	140	1	0
2120.44	6.31	56	1	0
2124.47	6.31	147	1	0
2128.50	6.25	74	1	0
2132.53	6.25	168	1	0
2136.56	6.31	70	1	0
2140.59	6.25	171	1	0
2144.63	6.25	73	1	0
2148.66	6.25	174	1	0
2152.69	6.20	75	1	0
2156.72	6.25	171	1	0
2160.75	6.20	71	1	0
2164.78	6.20	44	1	0
2168.81	6.36	73	1	0
2172.84	6.31	47	1	0
2176.88	6.25	141	1	0
2180.91	6.25	59	1	0
2184.94	6.25	146	1	0
2188.97	6.25	60	1	0
2193.00	6.25	149	1	0
2197.03	6.25	63	1	0
2201.06	6.31	40	1	0
2205.09	6.31	71	1	0
2209.13	6.20	44	1	0
2213.16	6.25	72	1	0
2217.19	6.31	46	1	0
2221.22	6.31	141	1	0
2225.25	6.31	59	1	0
2229.28	6.31	-2	1	0
2233.31	6.31	60	1	0
2237.34	6.25	-2	1	0
2241.38	6.25	61	1	0
2245.41	6.25	-2	1	0
2249.44	6.25	62	1	0
2253.47	6.25	-3	1	0
2257.50	6.25	61	1	0
2261.53	6.25	-2	1	0
2265.56	6.31	174	1	0
2269.59	6.41	0	1	0
2273.63	6.31	170	1	0
2277.66	6.31	-2	1	0
2281.69	6.31	174	1	0
2285.72	6.25	-1	1	0
2289.75	6.25	168	1	0
2293.78	6.25	-5	1	0
2297.81	6.25	173	1	0
2301.84	6.25	73	1	0
2305.88	6.25	173	1	0
2309.91	6.25	73	1	0
2313.94	6.20	174	1	0
2317.97	6.31	75	1	0
2322.00	6.31	171	1	0
2326.03	6.25	72	1	0
2330.06	6.31	173	1	0
2334.09	6.25	72	1	0
2338.13	6.31	46	1	0
2342.16	6.25	73	1	0
2346.19	6.25	47	1	0
2350.22	6.25	75	1	0
2354.25	6.20	38	1	0
2358.28	6.25	69	1	0
2362.31	6.20	45	1	0
2366.34	6.25	187	1	0
2370.38	6.31	40	1	0
2374.41	6.31	182	1	0
2378.44	6.25	44	1	0
2382.47	6.20	185	1	0
2386.50	6.25	46	1	0
2390.53	6.25	188	1	0
2394.56	6.31	40	1	0
2398.59	6.25	185	1	0
2402.63	6.31	146	1	0
2406.66	6.20	185	1	0
2410.69	6.20	149	1	0
2414.72	6.25	188	1	0
2418.75	6.31	149	1	0
2422.78	6.31	186	1	0
2426.81	6.25	147	1	0
2430.84	6.25	184	1	0
2434.88	6.31	147	1	0
2438.91	6.25	63	1	0
2442.94	6.25	168	1	0
2446.97	6.25	69	1	0
2451.00	6.25	174	1	0
2455.03	6.25	139	1	0
2459.06	6.25	183	1	0
2463.09	6.25	149	1	0
2467.13	6.31	62	1	0
2471.16	6.36	140	1	0
2475.19	6.25	57	1	0
2479.22	6.25	146	1	0
2483.25	6.25	62	1	0
2487.28	6.31	150	1	0
2491.31	6.31	65	1	0
2495.34	6.25	170	1	0
2499.38	6.20	71	1	0
2503.41	6.25	44	1	0
2507.44	6.25	73	1	0
2511.47	6.25	40	1	0
2515.50	6.25	73	1	0
2519.53	6.36	46	1	0
2523.56	6.25	74	1	0
2527.59	6.31	38	1	0
2531.63	6.25	72	1	0
2535.66	6.31	45	1	0
2539.69	6.31	188	1	0
2543.72	6.25	39	1	0
2547.75	6.31	183	1	0
2551.78	6.31	44	1	0
2555.81	6.25	188	1	0
2559.84	6.25	41	1	0
2563.88	6.20	184	1	0
2567.91	6.25	147	1	0
2571.94	6.25	184	1	0
2575.97	4.88	143	1	0
2580.00	2.95	183	1	0
2584.03	2.90	146	1	0
2588.06	2.90	187	1	0
2592.09	2.85	139	1	0
2596.13	2.90	181	1	0
2600.16	2.90	146	1	0
2604.19	2.90	62	1	0
2608.22	2.90	142	1	0
2612.25	2.85	59	1	0
2616.28	2.90	147	1	0
2620.31	3.00	60	1	0
2624.34	2.95	146	1	0
2628.38	2.95	63	1	0
2632.41	2.90	168	1	0
2636.44	2.95	70	1	0
2640.47	2.90	44	1	0
2644.50	2.90	71	1	0
2648.53	2.90	45	1	0
2652.56	2.85	73	1	0
2656.59	2.90	46	1	0
2660.63	2.90	143	1	0
2664.66	2.85	58	1	0
2668.69	2.90	145	1	0
2672.72	2.95	60	1	0
2676.75	2.95	-2	1	0
2680.78	2.90	62	1	0
2684.81	2.90	-3	1	0
2688.84	2.85	60	1	0
2692.88	2.90	-4	1	0
2696.91	2.85	60	1	0
2700.94	2.85	-3	1	0
2704.97	2.85	174	1	0
2709.00	2.90	-2	1	0
2713.03	2.85	170	1	0
2717.06	2.85	-3	1	0
2721.09	3.00	173	1	0
2725.13	2.95	-1	1	0
2729.16	2.90	169	1	0
2733.19	2.90	-4	1	0
2737.22	2.95	171	1	0
2741.25	2.90	71	1	0
2745.28	2.90	172	1	0
2749.31	2.90	72	1	0
2753.34	2.90	174	1	0
2757.38	2.85	74	1	0
2761.41	2.90	173	1	0
2765.44	2.90	72	1	0
2769.47	2.90	173	1	0
2773.50	2.95	74	1	0
2777.53	2.95	40	1	0
2781.56	2.95	73	1	0
2785.59	2.90	45	1	0
2789.63	2.90	70	1	0
2793.66	2.90	46	1	0
2797.69	2.90	73	1	0
2801.72	2.90	40	1	0
2805.75	2.90	185	1	0
2809.78	2.90	44	1	0
2813.81	2.85	185	1	0
2817.84	2.85	43	1	0
2821.88	3.00	186	1	0
2825.91	2.90	46	1	0
2829.94	2.90	187	1	0
2833.97	2.90	46	1	0
2838.00	2.90	186	1	0
2842.03	2.90	146	1	0
2846.06	2.90	187	1	0
2850.09	2.90	141	1	0
2854.13	2.95	186	1	0
2858.16	2.90	148	1	0
2862.19	2.90	187	1	0
2866.22	2.85	148	1	0
2870.25	2.90	186	1	0
2874.28	2.95	148	1	0
2878.31	2.95	61	1	0
2882.34	2.90	146	1	0
2886.38	2.95	61	1	0
2890.41	2.95	146	1	0
2894.44	2.90	63	1	0
2898.47	2.90	168	1	0
2902.50	2.90	71	1	0
2906.53	2.85	42	1	0
2910.56	2.85	71	1	0
2914.59	2.90	44	1	0
2918.63	2.90	72	1	0
2922.66	3.00	39	1	0
2926.69	2.90	72	1	0
2930.72	2.90	45	1	0
2934.75	2.90	71	1	0
2938.78	2.90	43	1	0
2942.81	2.90	186	1	0
2946.84	2.95	46	1	0
2950.88	2.95	188	1	0
2954.91	2.90	45	1	0
2958.94	3.00	73	1	0
2962.97	2.90	46	1	0
2967.00	2.90	73	1	0
2971.03	2.95	46	1	0
2975.06	2.90	71	1	0
2979.09	2.90	44	1	0
2983.13	2.90	188	1	0
2987.16	2.90	39	1	0
2991.19	2.95	183	1	0
2995.22	2.85	44	1	0
2999.25	2.90	-12	1	0
3003.28	2.90	57	1	0
3007.31	2.90	-5	1	0
3011.34	2.85	172	1	0
3015.38	2.85	-3	1	0
3019.41	2.90	172	1	0
3023.44	2.95	-4	1	0
3027.47	2.90	173	1	0
3031.50	2.95	-2	1	0
3035.53	2.95	174	1	0
3039.56	2.90	38	1	0
3043.59	2.90	183	1	0
3047.63	2.90	145	1	0
3051.66	2.90	186	1	0
3055.69	2.90	148	1	0
3059.72	2.90	188	1	0
3063.75	2.85	140	1	0
3067.78	2.90	183	1	0
3071.81	2.95	147	1	0
3075.84	2.85	186	1	0
3079.88	2.95	148	1	0
3083.91	6.00	64	1	0
3087.94	6.25	166	1	0
3091.97	6.31	68	1	0
3096.00	6.25	168	1	0
3100.03	6.25	71	1	0
3104.06	6.25	173	1	0
3108.09	6.25	145	1	0
3112.13	6.36	62	1	0
3116.16	6.36	139	1	0
3120.19	6.46	56	1	0
3124.22	6.31	147	1	0
3128.25	6.25	74	1	0
3132.28	6.20	169	1	0
3136.31	6.31	71	1	0
3140.34	6.31	172	1	0
3144.38	6.25	74	1	0
3148.41	6.25	169	1	0
3152.44	6.25	71	1	0
3156.47	6.25	174	1	0
3160.50	6.25	73	1	0
3164.53	6.31	40	1	0
3168.56	6.31	73	1	0
3172.59	6.31	47	1	0
3176.63	6.25	74	1	0
3180.66	6.36	45	1	0
3184.69	6.25	71	1	0
3188.72	6.25	46	1	0
3192.75	6.31	189	1	0
3196.78	6.25	40	1	0
3200.81	6.25	183	1	0
3204.84	6.25	45	1	0
3208.88	6.25	186	1	0
3212.91	6.25	46	1	0
3216.94	6.25	189	1	0
3220.97	6.36	39	1	0
3225.00	6.25	186	1	0
3229.03	6.25	146	1	0
3233.06	6.20	186	1	0
3237.09	6.25	148	1	0
3241.13	6.25	-11	1	0
3245.16	6.31	167	1	0
3249.19	6.25	-4	1	0
3253.22	6.31	172	1	0
3257.25	6.25	-4	1	0
3261.28	6.25	174	1	0
3265.31	6.25	76	1	0
3269.34	6.36	171	1	0
3273.38	6.25	72	1	0
3277.41	6.31	171	1	0
3281.44	6.25	72	1	0
3285.47	6.25	174	1	0
3289.50	6.25	140	1	0
3293.53	6.25	58	1	0
3297.56	6.25	148	1	0
3301.59	6.25	62	1	0
3305.63	6.25	148	1	0
3309.66	6.20	63	1	0
3313.69	6.20	170	1	0
3317.72	6.25	72	1	0
3321.75	6.36	172	1	0
3325.78	6.25	71	1	0
3329.81	6.25	44	1	0
3333.84	6.25	73	1	0
3337.88	6.31	39	1	0
3341.91	6.31	73	1	0
3345.94	6.25	45	1	0
3349.97	6.25	72	1	0
3354.00	6.25	45	1	0
3358.03	6.25	73	1	0
3362.06	6.25	40	1	0
3366.09	6.25	186	1	0
3370.13	6.36	44	1	0
3374.16	6.31	184	1	0
3378.19	6.31	44	1	0
3382.22	6.25	-10	1	0
3386.25	6.20	60	1	0
3390.28	6.25	-3	1	0
3394.31	6.25	172	1	0
3398.34	6.25	-4	1	0
3402.38	6.25	173	1	0
3406.41	6.25	-2	1	0
3410.44	6.20	174	1	0
3414.47	6.25	-2	1	0
3418.50	6.25	172	1	0
3422.53	6.36	-4	1	0
3426.56	6.25	173	1	0
3430.59	6.25	74	1	0
3434.63	6.31	171	1	0
3438.66	6.31	72	1	0
3442.69	6.25	174	1	0
3446.72	6.25	73	1	0
3450.75	6.31	174	1	0
3454.78	6.25	75	1	0
3458.81	6.31	172	1	0
3462.84	6.20	72	1	0
3466.88	6.31	45	1	0
3470.91	6.31	71	1	0
3474.94	6.31	45	1	0
3478.97	6.25	74	1	0
3483.00	6.20	48	1	0
3487.03	6.25	144	1	0
3491.06	6.25	59	1	0
3495.09	6.25	146	1	0
3499.13	6.25	61	1	0
3503.16	6.31	-3	1	0
3507.19	6.25	62	1	0
3511.22	6.20	-2	1	0
3515.25	6.25	61	1	0
3519.28	6.25	-2	1	0
3523.31	6.25	61	1	0
3527.34	6.25	-2	1	0
3531.38	6.25	175	1	0
3535.41	6.25	-2	1	0
3539.44	6.25	172	1	0
3543.47	6.31	-2	1	0
3547.50	6.31	174	1	0
3551.53	6.25	0	1	0
3555.56	6.31	171	1	0
3559.59	6.25	-2	1	0
3563.63	6.20	174	1	0
3567.66	6.25	74	1	0
3571.69	6.36	172	1	0
3575.72	6.31	72	1	0
3579.75	3.05	175	1	0
3583.78	2.95	73	1	0
3587.81	2.95	173	1	0
3591.84	2.85	72	1	0
3595.88	2.90	173	1	0
3599.91	2.85	74	1	0
3603.94	2.90	40	1	0
3607.97	2.90	72	1	0
3612.00	2.85	44	1	0
3616.03	2.90	71	1	0
3620.06	2.90	44	1	0
3624.09	2.95	74	1	0
3628.13	2.95	42	1	0
3632.16	2.90	187	1	0
3636.19	2.95	38	1	0
3640.22	2.90	181	1	0
3644.25	2.95	40	1	0
3648.28	2.90	183	1	0
3652.31	2.95	47	1	0
3656.34	2.90	188	1	0
3660.38	2.90	46	1	0
3664.41	2.90	188	1	0
3668.44	2.90	148	1	0
3672.47	3.05	187	1	0
3676.50	2.90	141	1	0
3680.53	2.95	185	1	0
3684.56	2.85	146	1	0
3688.59	2.85	187	1	0
3692.63	2.90	139	1	0
3696.66	2.90	181	1	0
3700.69	2.85	145	1	0
3704.72	2.90	61	1	0
3708.75	2.85	146	1	0
3712.78	2.85	60	1	0
3716.81	2.85	146	1	0
3720.84	2.90	62	1	0
3724.88	3.00	142	1	0
3728.91	2.95	60	1	0
3732.94	2.95	-2	1	0
3736.97	2.90	61	1	0
3741.00	2.95	-4	1	0
3745.03	2.90	63	1	0
3749.06	2.90	40	1	0
3753.09	2.95	71	1	0
3757.13	2.95	44	1	0
3761.16	2.90	71	1	0
3765.19	2.90	44	1	0
3769.22	2.95	187	1	0
3773.25	3.00	46	1	0
3777.28	2.95	186	1	0
3781.31	2.95	45	1	0
3785.34	2.90	186	1	0
3789.38	2.90	43	1	0
3793.41	2.90	186	1	0
3797.44	2.90	46	1	0
3801.47	2.90	188	1	0
3805.50	2.90	140	1	0
3809.53	2.90	183	1	0
3813.56	2.85	144	1	0
3817.59	2.90	184	1	0
3821.63	2.95	147	1	0
3825.66	2.95	186	1	0
3829.69	2.90	147	1	0
3833.72	2.95	184	1	0
3837.75	2.90	147	1	0
3841.78	2.95	61	1	0
3845.81	2.90	149	1	0
3849.84	2.95	62	1	0
3853.88	2.90	142	1	0
3857.91	2.85	59	1	0
3861.94	2.90	145	1	0
3865.97	2.85	61	1	0
3870.00	2.90	-3	1	0
3874.03	3.00	62	1	0
3878.06	2.95	-2	1	0
3882.09	2.90	60	1	0
3886.13	2.95	-2	1	0
3890.16	2.90	62	1	0
3894.19	2.90	-2	1	0
3898.22	2.90	64	1	0
3902.25	2.90	39	1	0
3906.28	2.90	181	1	0
3910.31	2.85	43	1	0
3914.34	2.90	187	1	0
3918.38	2.90	46	1	0
3922.41	3.00	188	1	0
3926.44	2.95	39	1	0
3930.47	2.85	183	1	0
3934.50	2.95	44	1	0
3938.53	2.95	186	1	0
3942.56	2.90	147	1	0
3946.59	2.90	188	1	0
3950.63	2.90	139	1	0
3954.66	2.95	181	1	0
3958.69	2.85	46	1	0
3962.72	2.85	185	1	0
3966.75	2.85	45	1	0
3970.78	2.90	186	1	0
3974.81	2.95	148	1	0
3978.84	2.90	188	1	0
3982.88	2.90	149	1	0
3986.91	2.95	189	1	0
3990.94	2.90	148	1	0
3994.97	2.85	187	1	0
3999.00	2.90	148	1	0
4003.03	2.95	187	1	0
4007.06	2.90	141	1	0
4011.09	2.90	58	1	0
4015.13	2.85	145	1	0
4019.16	2.80	60	1	0
4023.19	3.00	140	1	0
4027.22	2.90	57	1	0
4031.25	2.95	148	1	0
4035.28	2.90	61	1	0
4039.31	2.90	146	1	0
4043.34	2.90	61	1	0
4047.38	2.90	-2	1	0
4051.41	2.90	61	1	0
4055.44	2.90	-3	1	0
4059.47	2.90	60	1	0
4063.50	2.85	-3	1	0
4067.53	2.90	60	1	0
4071.56	2.90	-2	1	0
4075.59	3.00	174	1	0
4079.63	2.95	40	1	0
4083.66	5.34	186	1	0
4087.69	6.25	45	1	0
4091.72	6.31	187	1	0
4095.75	6.25	45	1	0
4099.78	6.31	186	1	0
4103.81	6.25	46	1	0
4107.84	6.15	-10	1	0
4111.88	6.41	171	1	0
4115.91	6.31	-3	1	0
4119.94	6.51	174	1	0
4123.97	6.25	0	1	0
4128.00	6.31	186	1	0	<--TRIG
4132.03	6.31	45	1	0
4136.06	6.31	188	1	0
4140.09	6.25	39	1	0
4144.13	6.25	184	1	0
4148.16	6.25	46	1	0
4152.19	6.31	185	1	0
4156.22	6.25	44	1	0
4160.25	6.25	188	1	0
4164.28	6.20	41	1	0
4168.31	6.25	185	1	0
4172.34	6.36	148	1	0
4176.38	6.31	185	1	0
4180.41	6.25	147	1	0
4184.44	6.25	187	1	0
4188.47	6.31	148	1	0
4192.50	6.25	187	1	0
4196.53	6.31	150	1	0
4200.56	6.20	-11	1	0
4204.59	6.31	169	1	0
4208.63	6.25	-3	1	0
4212.66	6.25	172	1	0
4216.69	6.25	73	1	0
4220.72	6.36	174	1	0
4224.75	6.31	75	1	0
4228.78	6.25	169	1	0
4232.81	6.25	73	1	0
4236.84	6.25	173	1	0
4240.88	6.20	71	1	0
4244.91	6.25	174	1	0
4248.94	6.25	74	1	0
4252.97	6.25	166	1	0
4257.00	6.25	71	1	0
4261.03	6.20	43	1	0
4265.06	6.20	71	1	0
4269.09	6.20	46	1	0
4273.13	6.36	73	1	0
4277.16	6.25	45	1	0
4281.19	6.31	75	1	0
4285.22	6.31	38	1	0
4289.25	6.25	69	1	0
4293.28	6.31	45	1	0
4297.31	6.25	188	1	0
4301.34	6.25	47	1	0
4305.38	6.25	189	1	0
4309.41	6.20	40	1	0
4313.44	6.20	184	1	0
4317.47	6.25	46	1	0
4321.50	6.36	185	1	0
4325.53	6.31	44	1	0
4329.56	6.25	189	1	0
4333.59	6.25	39	1	0
4337.63	6.25	185	1	0
4341.66	6.25	149	1	0
4345.69	6.25	186	1	0
4349.72	6.25	148	1	0
4353.75	6.25	188	1	0
4357.78	6.25	140	1	0
4361.81	6.20	183	1	0
4365.84	6.20	147	1	0
4369.88	6.25	185	1	0
4373.91	6.31	146	1	0
4377.94	6.25	189	1	0
4381.97	6.31	141	1	0
4386.00	6.25	58	1	0
4390.03	6.31	149	1	0
4394.06	6.25	63	1	0
4398.09	6.20	166	1	0
4402.13	6.25	72	1	0
4406.16	6.25	173	1	0
4410.19	6.25	71	1	0
4414.22	6.25	174	1	0
4418.25	6.20	73	1	0
4422.28	6.36	166	1	0
4426.31	6.25	71	1	0
4430.34	6.31	45	1	0
4434.38	6.25	71	1	0
4438.41	6.25	46	1	0
4442.44	6.25	72	1	0
4446.47	6.25	44	1	0
4450.50	6.25	74	1	0
4454.53	6.25	38	1	0
4458.56	6.20	68	1	0
4462.59	6.20	44	1	0
4466.63	6.20	-12	1	0
4470.66	6.36	57	1	0
4474.69	6.31	-4	1	0
4478.72	6.31	62	1	0
4482.75	6.25	-2	1	0
4486.78	6.31	62	1	0
4490.81	6.25	-1	1	0
4494.84	6.31	55	1	0
4498.88	6.25	-5	1	0
4502.91	6.25	61	1	0
4506.94	6.25	-3	1	0
4510.97	6.20	175	1	0
4515.00	6.25	-2	1	0
4519.03	6.20	173	1	0
4523.06	6.31	-2	1	0
4527.09	6.25	173	1	0
4531.13	6.20	-2	1	0
4535.16	6.25	174	1	0
4539.19	6.31	39	1	0
4543.22	6.25	184	1	0
4547.25	6.25	46	1	0
4551.28	6.25	188	1	0
4555.31	6.25	140	1	0
4559.34	6.25	184	1	0
4563.38	6.25	145	1	0
4567.41	6.31	186	1	0
4571.44	6.36	148	1	0
4575.47	6.25	184	1	0
4579.50	3.05	148	1	0
4583.53	2.90	187	1	0
4587.56	2.90	149	1	0
4591.59	2.90	186	1	0
4595.63	2.90	149	1	0
4599.66	2.90	63	1	0
4603.69	2.90	168	1	0
4607.72	2.90	72	1	0
4611.75	2.90	172	1	0
4615.78	2.90	73	1	0
4619.81	2.85	175	1	0
4623.84	2.95	72	1	0
4627.88	2.90	172	1	0
4631.91	2.90	72	1	0
4635.94	2.90	44	1	0
4639.97	2.85	72	1	0
4644.00	2.90	39	1	0
4648.03	2.95	72	1	0
4652.06	2.90	45	1	0
4656.09	2.95	74	1	0
4660.13	2.90	47	1	0
4664.16	2.85	71	1	0
4668.19	2.90	46	1	0
4672.22	3.00	74	1	0
4676.25	2.90	39	1	0
4680.28	2.90	185	1	0
4684.31	2.80	44	1	0
4688.34	2.85	186	1	0
4692.38	2.85	44	1	0
4696.41	2.90	185	1	0
4700.44	2.85	42	1	0
4704.47	2.90	186	1	0
4708.50	2.85	44	1	0
4712.53	2.80	186	1	0
4716.56	2.90	46	1	0
4720.59	2.95	187	1	0
4724.63	2.95	147	1	0
4728.66	2.90	188	1	0
4732.69	2.90	140	1	0
4736.72	2.90	183	1	0
4740.75	2.90	147	1	0
4744.78	2.90	185	1	0
4748.81	2.90	145	1	0
4752.84	2.90	187	1	0
4756.88	2.90	146	1	0
4760.91	2.90	185	1	0
4764.94	2.90	150	1	0
4768.97	2.90	62	1	0
4773.00	2.95	138	1	0
4777.03	2.95	59	1	0
4781.06	2.90	146	1	0
4785.09	2.90	61	1	0
4789.13	2.95	148	1	0
4793.16	2.90	61	1	0
4797.19	2.95	146	1	0
4801.22	2.90	63	1	0
4805.25	2.85	37	1	0
4809.28	2.85	68	1	0
4813.31	2.90	45	1	0
4817.34	2.85	72	1	0
4821.38	2.95	44	1	0
4825.41	2.95	74	1	0
4829.44	2.90	38	1	0
4833.47	2.90	68	1	0
4837.50	2.90	44	1	0
4841.53	2.90	73	1	0
4845.56	2.90	46	1	0
4849.59	2.90	188	1	0
4853.63	2.90	46	1	0
4857.66	2.90	186	1	0
4861.69	2.90	46	1	0
4865.72	2.90	185	1	0
4869.75	2.90	38	1	0
4873.78	2.95	183	1	0
4877.81	2.95	44	1	0
4881.84	2.90	187	1	0
4885.88	2.85	47	1	0
4889.91	2.90	-12	1	0
4893.94	2.85	167	1	0
4897.97	2.90	-5	1	0
4902.00	2.90	172	1	0
4906.03	2.85	-4	1	0
4910.06	2.85	173	1	0
4914.09	2.90	-2	1	0
4918.13	2.85	173	1	0
4922.16	2.95	-2	1	0
4926.19	2.95	172	1	0
4930.22	2.90	-3	1	0
4934.25	2.90	174	1	0
4938.28	2.90	73	1	0
4942.31	2.90	174	1	0
4946.34	2.90	141	1	0
4950.38	2.90	184	1	0
4954.41	2.90	146	1	0
4958.44	2.90	187	1	0
4962.47	2.90	41	1	0
4966.50	2.90	183	1	0
4970.53	2.95	45	1	0
4974.56	2.95	188	1	0
4978.59	2.90	45	1	0
4982.63	2.90	186	1	0
4986.66	2.90	147	1	0
4990.69	2.90	183	1	0
4994.72	2.95	148	1	0
4998.75	2.90	188	1	0
5002.78	2.95	148	1	0
5006.81	2.90	-10	1	0
5010.84	2.85	170	1	0
5014.88	2.85	-3	1	0
5018.91	2.90	174	1	0
5022.94	3.00	139	1	0
5026.97	2.90	182	1	0
5031.00	2.90	146	1	0
5035.03	2.90	-12	1	0
5039.06	2.90	166	1	0
5043.09	2.90	-5	1	0
5047.13	2.85	173	1	0
5051.16	2.85	-2	1	0
5055.19	2.90	174	1	0
5059.22	2.90	0	1	0
5063.25	2.85	170	1	0
5067.28	2.90	71	1	0
5071.31	2.95	174	1	0
5075.34	2.95	72	1	0
5079.38	3.00	176	1	0
5083.41	6.20	144	1	0
5087.44	6.25	183	1	0
5091.47	6.31	148	1	0
5095.50	6.31	186	1	0
5099.53	6.25	147	1	0
5103.56	6.25	186	1	0
5107.59	6.36	145	1	0
5111.63	6.31	62	1	0
5115.66	6.41	141	1	0
5119.69	6.31	60	1	0
5123.72	6.36	146	1	0
5127.75	6.25	75	1	0
5131.78	6.31	167	1	0
5135.81	6.25	71	1	0
5139.84	6.25	173	1	0
5143.88	6.25	72	1	0
5147.91	6.25	46	1	0
5151.94	6.25	72	1	0
5155.97	6.25	44	1	0
5160.00	6.25	74	1	0
5164.03	6.31	39	1	0
5168.06	6.25	70	1	0
5172.09	6.36	46	1	0
5176.13	6.31	140	1	0
5180.16	6.36	57	1	0
5184.19	6.25	147	1	0
5188.22	6.20	61	1	0
5192.25	6.25	-3	1	0
5196.28	6.25	62	1	0
5200.31	6.25	-3	1	0
5204.34	6.31	61	1	0
5208.38	6.25	0	1	0
5212.41	6.25	56	1	0
5216.44	6.25	-5	1	0
5220.47	6.36	63	1	0
5224.50	6.31	38	1	0
5228.53	6.31	70	1	0
5232.56	6.31	46	1	0
5236.59	6.31	-11	1	0
5240.63	6.25	57	1	0
5244.66	6.31	-4	1	0
5248.69	6.31	63	1	0
5252.72	6.20	38	1	0
5256.75	6.25	71	1	0
5260.78	6.15	45	1	0
5264.81	6.20	72	1	0
5268.84	6.36	46	1	0
5272.88	6.31	184	1	0
5276.91	6.25	44	1	0
5280.94	6.31	188	1	0
5284.97	6.31	41	1	0
5289.00	6.25	185	1	0
5293.03	6.31	45	1	0
5297.06	6.25	185	1	0
5301.09	6.25	44	1	0
5305.13	6.25	189	1	0
5309.16	6.31	40	1	0
5313.19	6.15	184	1	0
5317.22	6.31	148	1	0
5321.25	6.36	-12	1	0
5325.28	6.31	167	1	0
5329.31	6.25	-4	1	0
5333.34	6.25	173	1	0
5337.38	6.25	-2	1	0
5341.41	6.25	175	1	0
5345.44	6.25	-2	1	0
5349.47	6.25	173	1	0
5353.50	6.25	-2	1	0
5357.53	6.25	174	1	0
5361.56	6.20	73	1	0
5365.59	6.20	175	1	0
5369.63	6.31	72	1	0
5373.66	6.25	172	1	0
5377.69	6.31	73	1	0
5381.72	6.25	174	1	0
5385.75	6.25	73	1	0
5389.78	6.31	176	1	0
5393.81	6.25	141	1	0
5397.84	6.31	182	1	0
5401.88	6.25	148	1	0
5405.91	6.31	61	1	0
5409.94	6.20	139	1	0
5413.97	6.25	59	1	0
5418.00	6.31	147	1	0
5422.03	6.25	61	1	0
5426.06	6.31	148	1	0
5430.09	6.25	61	1	0
5434.13	6.31	147	1	0
5438.16	6.25	62	1	0
5442.19	6.31	1	1	0
5446.22	6.20	59	1	0
5450.25	6.25	-2	1	0
5454.28	6.25	63	1	0
5458.31	6.25	38	1	0
5462.34	6.25	71	1	0
5466.38	6.25	45	1	0
5470.41	6.36	72	1	0
5474.44	6.25	46	1	0
5478.47	6.31	72	1	0
5482.50	6.25	46	1	0
5486.53	6.25	188	1	0
5490.56	6.25	40	1	0
5494.59	6.25	185	1	0
5498.63	6.25	46	1	0
5502.66	6.25	186	1	0
5506.69	6.25	44	1	0
5510.72	6.20	-10	1	0
5514.75	6.25	58	1	0
5518.78	6.31	-3	1	0
5522.81	6.31	62	1	0
5526.84	6.31	-2	1	0
5530.88	6.25	173	1	0
5534.91	6.31	-2	1	0
5538.94	6.25	173	1	0
5542.97	6.25	-2	1	0
5547.00	6.25	174	1	0
5551.03	6.31	-2	1	0
5555.06	6.25	173	1	0
5559.09	6.31	-3	1	0
5563.13	6.25	172	1	0
5567.16	6.25	-3	1	0
5571.19	6.36	175	1	0
5575.22	4.02	69	1	0
5579.25	2.95	172	1	0
5583.28	2.95	73	1	0
5587.31	2.90	173	1	0
5591.34	2.90	72	1	0
5595.38	2.90	173	1	0
5599.41	2.90	73	1	0
5603.44	2.90	173	1	0
5607.47	2.90	74	1	0
5611.50	2.85	38	1	0
5615.53	2.85	69	1	0
5619.56	3.00	46	1	0
5623.59	2.95	71	1	0
5627.63	2.95	44	1	0
5631.66	2.90	72	1	0
5635.69	2.90	45	1	0
5639.72	2.95	70	1	0
5643.75	2.95	46	1	0
5647.78	2.90	72	1	0
5651.81	2.90	44	1	0
5655.84	2.90	188	1	0
5659.88	2.85	46	1	0
5663.91	2.85	187	1	0
5667.94	2.95	46	1	0
5671.97	2.95	184	1	0
5676.00	2.90	44	1	0
5680.03	2.90	187	1	0
5684.06	2.85	45	1	0
5688.09	2.85	185	1	0
5692.13	2.85	45	1	0
5696.16	2.90	186	1	0
5700.19	2.85	145	1	0
5704.22	2.85	185	1	0
5708.25	2.85	145	1	0
5712.28	2.80	184	1	0
5716.31	2.90	148	1	0
5720.34	2.95	187	1	0
5724.38	2.90	147	1	0
5728.41	2.90	187	1	0
5732.44	2.90	148	1	0
5736.47	2.90	185	1	0
5740.50	2.90	147	1	0
5744.53	2.95	61	1	0
5748.56	2.90	148	1	0
5752.59	2.90	61	1	0
5756.63	2.95	149	1	0
5760.66	2.85	62	1	0
5764.69	2.90	149	1	0
5768.72	2.95	64	1	0
5772.75	2.95	167	1	0
5776.78	2.95	69	1	0
5780.81	2.95	44	1	0
5784.84	2.90	71	1	0
5788.88	2.95	45	1	0
5792.91	2.90	73	1	0
5796.94	2.90	45	1	0
5800.97	2.90	73	1	0
5805.00	2.90	45	1	0
5809.03	2.85	71	1	0
5813.06	2.85	44	1	0
5817.09	2.85	140	1	0
5821.13	2.90	57	1	0
5825.16	2.95	-4	1	0
5829.19	2.95	61	1	0
5833.22	2.90	-4	1	0
5837.25	2.90	62	1	0
5841.28	2.90	-1	1	0
5845.31	2.90	57	1	0
5849.34	2.90	-5	1	0
5853.38	2.90	61	1	0
5857.41	2.85	-3	1	0
5861.44	2.90	61	1	0
5865.47	2.85	-3	1	0
5869.50	2.95	173	1	0
5873.53	2.95	-2	1	0
5877.56	2.90	172	1	0
5881.59	2.90	-4	1	0
5885.63	2.90	173	1	0
5889.66	2.95	-2	1	0
5893.69	2.95	172	1	0
5897.72	2.90	-2	1	0
5901.75	2.90	173	1	0
5905.78	2.85	-3	1	0
5909.81	2.85	174	1	0
5913.84	2.90	75	1	0
5917.88	2.85	169	1	0
5921.91	2.95	71	1	0
5925.94	2.90	171	1	0
5929.97	2.90	70	1	0
5934.00	2.90	175	1	0
5938.03	2.90	72	1	0
5942.06	2.90	172	1	0
5946.09	2.90	73	1	0
5950.13	2.90	45	1	0
5954.16	2.90	-3	1	0
5958.19	2.90	173	1	0
5962.22	2.90	72	1	0
5966.25	2.90	176	1	0
5970.28	3.00	141	1	0
5974.31	2.90	184	1	0
5978.34	2.90	148	1	0
5982.38	2.95	184	1	0
5986.41	2.90	146	1	0
5990.44	2.90	188	1	0
5994.47	2.85	142	1	0
5998.50	2.90	185	1	0
6002.53	2.90	148	1	0
6006.56	2.90	61	1	0
6010.59	2.80	147	1	0
6014.63	2.90	61	1	0
6018.66	2.95	139	1	0
6022.69	2.95	55	1	0
6026.72	2.90	148	1	0
6030.75	2.90	62	1	0
6034.78	2.90	146	1	0
6038.81	2.90	61	1	0
6042.84	2.90	-2	1	0
6046.88	2.85	59	1	0
6050.91	2.90	-2	1	0
6054.94	2.90	61	1	0
6058.97	2.85	-5	1	0
6063.00	2.85	62	1	0
6067.03	2.90	-2	1	0
6071.06	3.00	60	1	0
6075.09	2.90	-3	1	0
6079.13	4.93	64	1	0
6083.16	6.20	39	1	0
6087.19	6.20	187	1	0
6091.22	6.36	46	1	0
6095.25	6.25	187	1	0
6099.28	6.25	47	1	0
6103.31	6.15	188	1	0
6107.34	6.36	41	1	0
6111.38	6.36	187	1	0
6115.41	6.51	46	1	0
6119.44	6.25	187	1	0
6123.47	6.25	59	1	0
6127.50	6.25	-2	1	0
6131.53	6.25	173	1	0
6135.56	6.25	-1	1	0
6139.59	6.25	172	1	0
6143.63	6.25	-3	1	0
6147.66	6.25	173	1	0
6151.69	6.31	-1	1	0
6155.72	6.25	169	1	0
6159.75	6.20	-4	1	0
6163.78	6.25	174	1	0
6167.81	6.36	73	1	0
6171.84	6.25	172	1	0
6175.88	6.25	73	1	0
6179.91	6.31	167	1	0
6183.94	6.25	69	1	0
6187.97	6.31	174	1	0
6192.00	6.25	74	1	0
6196.03	6.25	169	1	0
6200.06	6.25	73	1	0
6204.09	6.25	172	1	0
6208.13	6.20	70	1	0
6212.16	6.31	47	1	0
6216.19	6.31	72	1	0
6220.22	6.31	45	1	0
6224.25	6.31	73	1	0
6228.28	6.25	46	1	0
6232.31	6.25	139	1	0
6236.34	6.25	57	1	0
6240.38	6.25	147	1	0
6244.41	6.25	60	1	0
6248.44	6.31	149	1	0
6252.47	6.25	62	1	0
6256.50	6.20	-2	1	0
6260.53	6.25	63	1	0
6264.56	6.25	38	1	0
6268.59	6.31	68	1	0
6272.63	6.31	44	1	0
6276.66	6.25	74	1	0
6280.69	6.25	39	1	0
6284.72	6.25	71	1	0
6288.75	6.25	44	1	0
6292.78	6.25	73	1	0
6296.81	6.25	47	1	0
6300.84	6.25	-10	1	0
6304.88	6.25	58	1	0
6308.91	6.25	-3	1	0
6312.94	6.20	61	1	0
6316.97	6.36	-3	1	0
6321.00	6.31	62	1	0
6325.03	6.31	-1	1	0
6329.06	6.31	58	1	0
6333.09	6.31	-3	1	0
6337.13	6.31	172	1	0
6341.16	6.31	-3	1	0
6345.19	6.25	175	1	0
6349.22	6.25	-2	1	0
6353.25	6.25	174	1	0
6357.28	6.20	-1	1	0
6361.31	6.20	168	1	0
6365.34	6.25	-4	1	0
6369.38	6.31	173	1	0
6373.41	6.31	-1	1	0
6377.44	6.31	169	1	0
6381.47	6.31	73	1	0
6385.50	6.25	174	1	0
6389.53	6.25	140	1	0
6393.56	6.25	184	1	0
6397.59	6.25	145	1	0
6401.63	6.25	186	1	0
6405.66	6.31	149	1	0
6409.69	6.25	187	1	0
6413.72	6.31	148	1	0
6417.75	6.36	189	1	0
6421.78	6.31	141	1	0
6425.81	6.25	58	1	0
6429.84	6.25	149	1	0
6433.88	6.25	61	1	0
6437.91	6.25	139	1	0
6441.94	6.25	59	1	0
6445.97	6.25	140	1	0
6450.00	6.25	57	1	0
6454.03	6.25	147	1	0
6458.06	6.20	61	1	0
6462.09	6.25	146	1	0
6466.13	6.31	62	1	0
6470.16	6.36	-2	1	0
6474.19	6.25	61	1	0
6478.22	6.25	-2	1	0
6482.25	6.25	61	1	0
6486.28	6.25	-1	1	0
6490.31	6.25	59	1	0
6494.34	6.25	-2	1	0
6498.38	6.31	60	1	0
6502.41	6.31	-2	1	0
6506.44	6.25	173	1	0
6510.47	6.25	-3	1	0
6514.50	6.20	174	1	0
6518.53	6.41	39	1	0
6522.56	6.31	183	1	0
6526.59	6.31	47	1	0
6530.63	6.25	187	1	0
6534.66	6.25	45	1	0
6538.69	6.31	189	1	0
6542.72	6.25	39	1	0
6546.75	6.25	186	1	0
6550.78	6.25	148	1	0
6554.81	6.25	185	1	0
6558.84	6.25	148	1	0
6562.88	6.25	187	1	0
6566.91	6.31	141	1	0
6570.94	6.25	185	1	0
6574.97	3.10	148	1	0
6579.00	2.85	186	1	0
6583.03	2.90	147	1	0
6587.06	2.85	187	1	0
6591.09	2.90	140	1	0
6595.13	2.85	57	1	0
6599.16	2.90	146	1	0
6603.19	2.90	61	1	0
6607.22	2.80	147	1	0
6611.25	2.85	62	1	0
6615.28	2.85	140	1	0
6619.31	2.95	57	1	0
6623.34	2.95	149	1	0
6627.38	2.95	61	1	0
6631.41	2.90	145	1	0
6635.44	2.90	61	1	0
6639.47	2.90	-2	1	0
6643.50	2.85	61	1	0
6647.53	2.90	-2	1	0
6651.56	2.90	62	1	0
6655.59	2.90	-1	1	0
6659.63	2.90	57	1	0
6663.66	2.90	-5	1	0
6667.69	2.95	60	1	0
6671.72	2.95	-3	1	0
6675.75	3.00	173	1	0
6679.78	2.85	-3	1	0
6683.81	2.90	175	1	0
6687.84	2.85	-3	1	0
6691.88	2.80	173	1	0
6695.91	2.85	-2	1	0
6699.94	2.85	173	1	0
6703.97	2.85	-4	1	0
6708.00	2.85	173	1	0
6712.03	2.90	-3	1	0
6716.06	2.90	173	1	0
6720.09	2.95	73	1	0
6724.13	2.90	169	1	0
6728.16	2.90	71	1	0
6732.19	2.90	174	1	0
6736.22	2.90	139	1	0
6740.25	2.90	182	1	0
6744.28	2.90	147	1	0
6748.31	2.90	186	1	0
6752.34	2.95	146	1	0
6756.38	2.95	186	1	0
6760.41	2.85	148	1	0
6764.44	2.95	61	1	0
6768.47	3.00	149	1	0
6772.50	2.90	62	1	0
6776.53	2.90	142	1	0
6780.56	2.90	60	1	0
6784.59	2.90	140	1	0
6788.63	2.90	56	1	0
6792.66	2.90	146	1	0
6796.69	2.90	61	1	0
6800.72	2.90	147	1	0
6804.75	2.90	62	1	0
6808.78	2.85	-1	1	0
6812.81	2.80	57	1	0
6816.84	2.90	-3	1	0
6820.88	2.95	60	1	0
6824.91	2.95	-2	1	0
6828.94	2.95	63	1	0
6832.97	2.95	38	1	0
6837.00	2.85	68	1	0
6841.03	2.90	44	1	0
6845.06	2.90	188	1	0
6849.09	2.85	38	1	0
6853.13	2.95	183	1	0
6857.16	2.85	45	1	0
6861.19	2.95	186	1	0
6865.22	2.85	46	1	0
6869.25	2.95	187	1	0
6873.28	2.95	45	1	0
6877.31	2.85	187	1	0
6881.34	2.95	45	1	0
6885.38	2.90	187	1	0
6889.41	2.90	140	1	0
6893.44	2.90	183	1	0
6897.47	2.85	146	1	0
6901.50	2.90	-12	1	0
6905.53	2.90	166	1	0
6909.56	2.85	-5	1	0
6913.59	2.85	175	1	0
6917.63	2.95	-2	1	0
6921.66	2.90	172	1	0
6925.69	2.90	-1	1	0
6929.72	2.90	166	1	0
6933.75	2.95	69	1	0
6937.78	2.90	171	1	0
6941.81	2.95	72	1	0
6945.84	2.90	172	1	0
6949.88	2.90	73	1	0
6953.91	2.90	173	1	0
6957.94	2.80	-2	1	0
6961.97	2.90	173	1	0
6966.00	2.90	-1	1	0
6970.03	2.90	167	1	0
6974.06	2.95	-7	1	0
6978.09	2.90	170	1	0
6982.13	2.90	71	1	0
6986.16	2.85	171	1	0
6990.19	2.90	73	1	0
6994.22	2.95	173	1	0
6998.25	2.90	72	1	0
7002.28	2.90	173	1	0
7006.31	2.85	74	1	0
7010.34	2.90	172	1	0
7014.38	2.90	74	1	0
7018.41	3.00	38	1	0
7022.44	2.90	67	1	0
7026.47	2.90	45	1	0
7030.50	2.95	72	1	0
7034.53	2.90	44	1	0
7038.56	2.95	74	1	0
7042.59	2.90	46	1	0
7046.63	2.85	72	1	0
7050.66	2.90	46	1	0
7054.69	2.90	139	1	0
7058.72	2.90	55	1	0
7062.75	2.90	-5	1	0
7066.78	3.00	61	1	0
7070.81	2.95	-2	1	0
7074.84	2.95	62	1	0
7078.88	6.10	0	1	0
7082.91	6.25	58	1	0
7086.94	6.31	-2	1	0
7090.97	6.25	61	1	0
7095.00	6.25	-3	1	0
7099.03	6.31	62	1	0
7103.06	6.31	2	1	0
7107.09	6.31	173	1	0
7111.13	6.36	-1	1	0
7115.16	6.36	169	1	0
7119.19	6.36	-4	1	0
7123.22	6.25	185	1	0
7127.25	6.31	46	1	0
7131.28	6.31	-12	1	0
7135.31	6.31	57	1	0
7139.34	6.25	-3	1	0
7143.38	6.31	175	1	0
7147.41	6.25	-2	1	0
7151.44	6.20	174	1	0
7155.47	6.25	0	1	0
7159.50	6.20	166	1	0
7163.53	6.31	-4	1	0
7167.56	6.31	173	1	0
7171.59	6.25	-2	1	0
7175.63	6.25	173	1	0
7179.66	6.25	-2	1	0
7183.69	6.25	173	1	0
7187.72	6.25	73	1	0
7191.75	6.25	170	1	0
7195.78	6.25	71	1	0
7199.81	6.25	175	1	0
7203.84	6.25	72	1	0
7207.88	6.31	172	1	0
7211.91	6.25	73	1	0
7215.94	6.41	173	1	0
7219.97	6.25	72	1	0
7224.00	6.25	174	1	0
7228.03	6.25	141	1	0
7232.06	6.25	58	1	0
7236.09	6.31	147	1	0
7240.13	6.25	62	1	0
7244.16	6.25	148	1	0
7248.19	6.31	62	1	0
7252.22	6.25	142	1	0
7256.25	6.20	59	1	0
7260.28	6.25	148	1	0
7264.31	6.36	62	1	0
7268.34	6.31	139	1	0
7272.38	6.31	58	1	0
7276.41	6.25	-4	1	0
7280.44	6.25	62	1	0
7284.47	6.31	-2	1	0
7288.50	6.25	62	1	0
7292.53	6.25	-1	1	0
7296.56	6.31	58	1	0
7300.59	6.25	-3	1	0
7304.63	6.25	60	1	0
7308.66	6.20	-1	1	0
7312.69	6.20	170	1	0
7316.72	6.31	-2	1	0
7320.75	6.25	174	1	0
7324.78	6.25	39	1	0
7328.81	6.25	182	1	0
7332.84	6.25	46	1	0
7336.88	6.25	189	1	0
7340.91	6.25	40	1	0
7344.94	6.25	187	1	0
7348.97	6.25	40	1	0
7353.00	6.25	183	1	0
7357.03	6.25	148	1	0
7361.06	6.20	188	1	0
7365.09	6.31	147	1	0
7369.13	6.31	186	1	0
7373.16	6.31	149	1	0
7377.19	6.25	186	1	0
7381.22	6.25	147	1	0
7385.25	6.31	187	1	0
7389.28	6.31	147	1	0
7393.31	6.31	186	1	0
7397.34	6.31	141	1	0
7401.38	6.25	58	1	0
7405.41	6.20	148	1	0
7409.44	6.20	62	1	0
7413.47	6.31	140	1	0
7417.50	6.36	56	1	0
7421.53	6.25	148	1	0
7425.56	6.25	61	1	0
7429.59	6.25	148	1	0
7433.63	6.25	61	1	0
7437.66	6.31	147	1	0
7441.69	6.20	61	1	0
7445.72	6.25	-2	1	0
7449.75	6.25	62	1	0
7453.78	6.25	-2	1	0
7457.81	6.25	64	1	0
7461.84	6.25	39	1	0
7465.88	6.36	70	1	0
7469.91	6.31	46	1	0
7473.94	6.31	72	1	0
7477.97	6.25	46	1	0
7482.00	6.31	186	1	0
7486.03	6.25	38	1	0
7490.06	6.20	183	1	0
7494.09	6.31	45	1	0
7498.13	6.25	185	1	0
7502.16	6.25	44	1	0
7506.19	6.20	188	1	0
7510.22	6.20	37	1	0
7514.25	6.31	184	1	0
7518.28	6.36	44	1	0
7522.31	6.25	-12	1	0
7526.34	6.31	168	1	0
7530.38	6.25	-4	1	0
7534.41	6.25	169	1	0
7538.44	6.25	-3	1	0
7542.47	6.31	173	1	0
7546.50	6.25	-3	1	0
7550.53	6.25	173	1	0
7554.56	6.25	-2	1	0
7558.59	6.20	173	1	0
7562.63	6.20	-2	1	0
7566.66	6.36	173	1	0
7570.69	4.58	69	1	0
7574.72	2.95	173	1	0
7578.75	2.95	74	1	0
7582.78	2.90	172	1	0
7586.81	2.95	74	1	0
7590.84	2.90	170	1	0
7594.88	2.85	71	1	0
7598.91	2.95	172	1	0
7602.94	2.90	73	1	0
7606.97	2.90	165	1	0
7611.00	2.90	69	1	0
7615.03	2.95	44	1	0
7619.06	2.95	146	1	0
7623.09	2.95	64	1	0
7627.13	2.95	167	1	0
7631.16	2.90	67	1	0
7635.19	2.90	171	1	0
7639.22	2.90	71	1	0
7643.25	2.95	44	1	0
7647.28	2.95	73	1	0
7651.31	2.90	46	1	0
7655.34	2.90	71	1	0
7659.38	2.90	44	1	0
7663.41	2.95	140	1	0
7667.44	2.90	56	1	0
7671.47	2.95	148	1	0
7675.50	2.90	63	1	0
7679.53	2.85	166	1	0
7683.56	2.90	69	1	0
7687.59	2.90	44	1	0
7691.63	2.90	71	1	0
7695.66	2.85	45	1	0
7699.69	2.85	72	1	0
7703.72	2.85	44	1	0
7707.75	2.90	72	1	0
7711.78	2.90	44	1	0
7715.81	2.95	139	1	0
7719.84	2.90	56	1	0
7723.88	2.90	-4	1	0
7727.91	2.90	60	1	0
7731.94	2.90	-2	1	0
7735.97	2.90	62	1	0
7740.00	2.90	-3	1	0
7744.03	2.90	61	1	0
7748.06	2.90	-2	1	0
7752.09	2.90	61	1	0
7756.13	2.90	-2	1	0
7760.16	2.85	62	1	0
7764.19	3.00	-1	1	0
7768.22	2.95	166	1	0
7772.25	2.95	-4	1	0
7776.28	2.90	168	1	0
7780.31	2.95	-5	1	0
7784.34	2.95	173	1	0
7788.38	2.90	-3	1	0
7792.41	2.90	174	1	0
7796.44	2.90	-3	1	0
7800.47	2.90	173	1	0
7804.50	2.90	-2	1	0
7808.53	2.90	172	1	0
7812.56	2.90	72	1	0
7816.59	2.95	171	1	0
7820.63	2.95	72	1	0
7824.66	2.95	172	1	0
7828.69	2.95	73	1	0
7832.72	2.85	174	1	0
7836.75	2.90	73	1	0
7840.78	2.90	174	1	0
7844.81	2.90	142	1	0
7848.84	2.90	184	1	0
7852.88	2.85	148	1	0
7856.91	2.85	61	1	0
7860.94	2.85	147	1	0
7864.97	3.00	61	1	0
7869.00	2.95	141	1	0
7873.03	2.95	56	1	0
7877.06	2.90	144	1	0
7881.09	2.90	60	1	0
7885.13	2.90	147	1	0
7889.16	2.90	61	1	0
7893.19	2.90	-2	1	0
7897.22	2.90	60	1	0
7901.25	2.90	-2	1	0
7905.28	2.90	61	1	0
7909.31	2.85	-2	1	0
7913.34	3.00	61	1	0
7917.38	2.95	-2	1	0
7921.41	2.85	61	1	0
7925.44	2.90	-2	1	0
7929.47	2.90	62	1	0
7933.50	2.90	-2	1	0
7937.53	2.90	173	1	0
7941.56	2.90	-2	1	0
7945.59	2.90	172	1	0
7949.63	2.90	-1	1	0
7953.66	2.90	58	1	0
7957.69	2.90	-3	1	0
7961.72	2.90	61	1	0
7965.75	3.05	-3	1	0
7969.78	2.95	61	1	0
7973.81	2.90	-2	1	0
7977.84	2.90	174	1	0
7981.88	2.85	-3	1	0
7985.91	2.90	172	1	0
7989.94	2.90	-3	1	0
7993.97	2.95	172	1	0
7998.00	2.90	-2	1	0
8002.03	2.85	171	1	0
8006.06	2.90	-4	1	0
8010.09	2.90	173	1	0
8014.13	3.00	-2	1	0
8018.16	2.90	172	1	0
8022.19	2.95	73	1	0
8026.22	2.90	172	1	0
8030.25	2.95	71	1	0
8034.28	2.90	174	1	0
8038.31	2.90	74	1	0
8042.34	2.90	168	1	0
8046.38	2.90	71	1	0
8050.41	2.90	172	1	0
8054.44	2.85	71	1	0
8058.47	2.90	173	1	0
8062.50	2.95	139	1	0
8066.53	2.95	56	1	0
8070.56	2.95	147	1	0
8074.59	6.05	61	1	0
8078.63	6.25	146	1	0
8082.66	6.25	63	1	0
8086.69	6.25	168	1	0
8090.72	6.25	68	1	0
8094.75	6.25	175	1	0
8098.78	6.31	74	1	0
8102.81	6.36	170	1	0
8106.84	6.36	73	1	0
8110.88	6.41	46	1	0
8114.91	6.36	139	1	0
8118.94	6.31	73	1	0
8122.97	6.25	172	1	0
8127.00	6.25	72	1	0
8131.03	6.25	173	1	0
8135.06	6.25	72	1	0
8139.09	6.25	174	1	0
8143.13	6.25	141	1	0
8147.16	6.25	58	1	0
8151.19	6.20	148	1	0
8155.22	6.25	63	1	0
8159.25	6.25	167	1	0
8163.28	6.36	69	1	0
8167.31	6.25	173	1	0
8171.34	6.25	72	1	0
8175.38	6.31	174	1	0
8179.41	6.31	141	1	0
8183.44	6.25	183	1	0
8187.47	6.20	147	1	0
8191.50	6.25	61	1	0
8195.53	6.20	147	1	0
8199.56	6.25	62	1	0
8203.59	6.25	140	1	0
8207.62	6.20	57	1	0
8211.66	6.36	148	1	0
8215.69	6.31	62	1	0
8219.72	6.31	141	1	0
8223.75	6.31	59	1	0
8227.78	6.31	-2	1	0
8231.81	6.25	61	1	0
8235.84	6.25	-2	1	0
8239.87	6.25	61	1	0
8243.91	6.31	-3	1	0
8247.94	6.31	61	1	0
8251.97	6.25	-1	1	0


